[myPicture.jpg]
filters=retouch=1;
moddate=90fa5643b05bd801
width=2996
height=3176
textactive=0
[myPicture.1.jpg]
filters=retouch=1;retouch=1;
moddate=1d2a4377b05bd801
width=2996
height=3176
textactive=0
[myPicture.2.jpg]
filters=finetune2=1,0.000000,0.025263,0.000000,00000000,0.000000;
moddate=542d37b8b05bd801
width=2996
height=3176
textactive=0
